4.0237
4.0187
4.0187
4.0213
4.0175
4.0163
4.0175
4.0175
4.0187
4.0163
4.0163
4.0150
4.0137
4.0163
4.0125
4.0163
4.0163
4.0163
4.0163
4.0137
4.0163
4.0150
4.0163
4.0150
4.0137
4.0150
4.0150
4.0150
4.0150
4.0150
4.0137
4.0213
4.0150
4.0163
4.0163
4.0137
4.0150
4.0175
4.0150
4.0137
4.0125
4.0137
4.0150
4.0137
4.0137
4.0137
4.0137
4.0137
4.0125
4.0125
4.0137
4.0137
4.0113
4.0125
4.0125
4.0125
4.0113
4.0113
4.0113
4.0125
4.0113
4.0125
4.0113
4.0113
4.0113
4.0163
4.0113
4.0113
4.0113
4.0113
4.0113
4.0137
4.0113
4.0100
4.0113
4.0088
4.0088
4.0088
4.0088
4.0088
4.0100
4.0088
4.0113
4.0088
4.0088
4.0137
4.0088
4.0075
4.0088
4.0088
4.0088
4.0113
4.0088
4.0075
4.0075
4.0075
4.0088
4.0062
4.0062
4.0088
4.0075
4.0062
4.0088
4.0062
4.0062
4.0062
4.0050
4.0062
4.0062
4.0050
4.0050
4.0062
4.0038
4.0038
4.0038
4.0038
4.0088
4.0050
4.0038
4.0088
4.0038
4.0038
4.0038
4.0038
4.0038
4.0012
